-9.952877860279304989e-02 -4.157954765236243078e-01 -2.482791967169577924e-02 2.266617262731061150e-02 -9.760129291028443732e-03 -2.877303628929706817e-03 4.913599999999999581e-11
-5.813472700659981784e-01 -4.216558862224417115e-01 2.778853712706820175e-02 1.189524633160197672e-02 -1.648805517919363708e-02 -9.117635259540471382e-04 7.251999999999999359e-10
-6.135667098929808994e-01 7.714144766482886606e-01 6.612494055832593510e-07 -1.380372435941983750e-02 -1.081970338490252648e-02 -9.704573887952009866e-09 3.002999999999999878e-06
-7.920396324295418955e-01 1.297823578629463181e+00 4.665909830913421430e-02 -1.252870951005533896e-02 -6.131985625944009685e-03 1.795912705022817293e-04 3.230000000000000203e-07
-1.667711214722404023e+00 -5.113256092716725654e+00 5.868749408500961023e-02 6.851810233622909058e-03 -2.498331112736535287e-03 -1.430196966697344684e-04 2.824728000000000067e-07
0.000000000000000000e+00 0.000000000000000000e+00 0.000000000000000000e+00 0.000000000000000000e+00 0.000000000000000000e+00 0.000000000000000000e+00 2.959999999999999849e-04
2.131270843576735352e+00 1.196441447213229425e+00 -1.324899075383676739e-01 -3.463014111752825246e-03 1.060106001932482195e-02 -3.392150891978897888e-03 9.364723541880935367e-20
1.865754497678725699e+00 -1.384219254503205043e+00 2.759012705536421084e-01 6.591136833728673816e-03 8.686942284462612768e-03 7.654804084541218939e-04 5.646549423521837975e-20
1.238797961900082401e+00 1.669087524755599405e+00 5.198075831959755866e-02 -1.007441878793937685e-02 8.783561089410640843e-03 3.626563354317402640e-04 4.456911598320820607e-20
8.585132831793995667e-01 2.086219631031831945e+00 3.851852944013745006e-01 -8.485711582927601970e-03 6.859620406259915766e-03 -1.065928979426212717e-04 9.766961312565710923e-20
-2.403995619260433925e-01 2.351815073304052817e+00 4.220393554922398094e-01 -1.157633698295152704e-02 1.387158440706972532e-03 1.618242973809987063e-03 5.146324178210349885e-20
-9.362732016947643565e-01 3.790981613955130669e+00 2.615651985969776883e-01 -7.245199877275878587e-03 -2.839195852463206882e-05 -2.238591531692244764e-03 1.217826717564288193e-20
-1.369782869309456697e+00 -1.739291550028256639e+00 4.602960109770580510e-02 8.554186208806041983e-03 -7.251179511583554990e-03 2.917816972475537648e-04 6.451824648818020436e-20
-3.137917954686045174e+00 -1.516338629608884603e-01 -6.925838781182734882e-01 -3.690681553786734803e-04 -9.618896076402096498e-03 -2.520850991777967088e-04 1.418969482332534841e-19
-2.017706629604740343e+00 1.444725047383087935e+00 1.698998686085035625e-01 -7.413342871527401311e-03 -8.622208142434943309e-03 -2.022418230450042514e-04 1.131454972126599781e-19
-1.704339483545633527e-01 2.580913245731337735e+00 -1.138912288106421339e-01 -9.745888123884969417e-03 1.010760585909912038e-03 1.539311864393378998e-04 1.315661671014521862e-19
1.850641595817305030e-01 2.879536718049986455e+00 6.032223144525027808e-02 -9.834023275961823601e-03 9.566386962034960015e-04 -1.926967782832816390e-04 2.725937775739713766e-20
6.337829061472826098e-01 2.138415113933676892e+00 -3.920202489109889804e-02 -1.056842286000643505e-02 6.402120071293560324e-03 5.455697785163483729e-04 1.183783268431630138e-19
-2.852581625735321591e+00 -9.323821875153780470e-01 1.013947277560807020e-01 2.401850750568992020e-03 -9.844787871777777380e-03 2.062243587318744156e-04 3.277078511158478166e-20
2.938174499167929721e+00 1.032934995799187350e+00 4.217578379937547001e-02 -1.954181824729031309e-03 9.533068047852193139e-03 1.827390610109687786e-04 2.314384156681255227e-20
-2.047469140839376145e+00 1.407798357457258565e+00 2.651733208759477489e-01 -5.597437948468298938e-03 -8.715055804241169518e-03 3.329583270474710012e-03 4.649549768187192736e-20
2.567046463529459643e+00 7.389506970504677863e-01 -3.477085588927387172e-01 -1.595964416972549000e-03 9.310341790668860001e-03 5.186575007980144449e-04 2.137065994067838287e-20
2.168776878183403589e+00 2.699859706249311486e+00 1.799473904559213411e-01 -6.485178835419417968e-03 5.207098773063160643e-03 1.988476407110654955e-03 9.002066711580967981e-20
2.277980000272018746e+00 -9.452413233449210583e-01 -1.227822734246274833e-01 5.325246021595100333e-03 9.606129083631358492e-03 1.440649703710824648e-03 6.036643313675959438e-20
1.852285974526434176e-01 3.017516531920361622e+00 -4.258043690440388995e-01 -9.233541860824260455e-03 2.119085276581908570e-03 -5.912673259169446121e-04 5.227368714925862303e-20
-1.676457037129596594e+00 -2.599840929163264480e+00 -2.659849497156512865e-01 6.786391910140934097e-03 -4.462375344785093033e-03 -2.774350253041386969e-03 8.885404821857931993e-20
-2.600283033579905645e+00 2.518206408559113263e-01 -1.441889940099857180e-02 -1.196818330708354031e-03 -1.081702156639298418e-02 -9.499867641832489013e-04 1.143208016048845587e-19
-2.926055132187930230e+00 1.331366030543841061e+00 -3.515871567850993862e-01 -4.111757396893870806e-03 -8.557973445378039973e-03 7.813217187810630668e-04 8.852627309483645586e-20
-1.419999118574138297e+00 -2.496915114893476062e+00 4.792513602827719876e-01 8.145915686270694886e-03 -5.031933819662067972e-03 1.359667513599084002e-03 1.467718112048935320e-19
3.480549914329219008e-01 -2.526556378923989321e+00 -5.838839457136910105e-03 1.132061045239485600e-02 -1.003401166519853581e-03 2.096958809651306398e-03 7.608300133678579994e-20
2.032839486735811274e+00 -1.003381626398688331e+00 6.762384085354007368e-01 5.869601817031391659e-03 9.521573185948237900e-03 1.613112353118437148e-03 1.119034740148263602e-19
-1.010096877816413441e+00 -2.227602577941511175e+00 3.842745993267934757e-02 9.177113095159360190e-03 -5.615782820240581771e-03 -1.121208884396969236e-04 1.272089025956364793e-20
-1.695296269035349690e+00 -1.610178467695676741e+00 2.473294592676606451e-01 7.772333348373242773e-03 -8.118732423449511598e-03 4.369790590923222271e-04 4.078144389342351563e-20
-1.356504081863340483e+00 2.417898261777858604e+00 -3.350421382532373094e-01 -9.407939361244248636e-03 -3.904706977716929529e-03 4.494698890503143543e-04 8.950137408490683409e-20
1.684681966002742060e-01 -2.361584866816982320e+00 -1.591904743109807119e-01 1.113000225137826538e-02 6.754592911097335398e-04 3.785121321739496388e-04 1.220047153193170735e-19
-1.790772739751572973e-01 -1.505260403003527925e+00 -2.331633479626961658e-01 1.524838764102584045e-02 -3.574058920257749093e-03 -1.541038845704546974e-03 1.229860749859128190e-19
1.809584753950622016e+00 -3.650171748472715028e-02 -3.556809977416025004e-01 2.075678380089026297e-03 1.321483571331216918e-02 -5.762359174078476344e-05 7.521251837563838586e-20
-6.578426794257209442e-01 -2.825389335697205961e+00 -3.576995657184594557e-01 7.974466036924716256e-03 -3.417283665523580816e-03 2.447741956845791208e-03 9.321646895757551503e-20
-2.013914644918756824e+00 1.026910485617034574e+00 4.229076143926428777e-02 -5.673103155078147893e-03 -9.032219077025250079e-03 2.383643988523183408e-03 4.433311090613188414e-20
-2.802566382550803148e+00 1.171595582119818069e+00 -5.284147468341760662e-03 -3.885261517873065708e-03 -9.075300177318394029e-03 -3.287223598957377517e-05 1.587331877881353540e-20
1.498230717565014469e+00 -1.785518427037584344e+00 1.969315736041040744e-03 8.760134310654730389e-03 7.192895771591573117e-03 -5.875719412626268580e-05 4.234104814054474924e-20
2.089364796479103170e-01 1.595327624749352857e+00 3.908914642898148051e-02 -1.457734656213144353e-02 3.769795503391661952e-03 -6.088723670924370626e-05 1.099947855359288087e-19
2.337128587637737898e+00 9.449509128088721954e-02 -5.181394351382810903e-01 5.586431236418746768e-04 1.168150561195659132e-02 -1.049678835311328856e-03 9.504002835593542339e-20
1.584922689759604042e+00 -1.286921438715293409e+00 -8.678551601523026848e-02 9.918883353571501804e-03 8.026072954096482789e-03 8.928004121990453130e-04 2.050816007842443886e-20
7.018557923299384438e-01 1.496626982440997455e+00 -2.355280580330063045e-02 -1.265047437058104685e-02 7.658362087959027370e-03 -3.261394370688896821e-04 4.684046704467909880e-20
2.126922190303893068e+00 -1.153476196515016650e+00 -1.185360741491571918e-01 5.580759478156000278e-03 8.815717984670505547e-03 -2.247530287622973369e-03 1.433171606748029752e-19
-2.970822565402322923e-01 2.179472406821715946e+00 -7.016044235921855554e-01 -1.090641609884015518e-02 -1.381608422305259437e-03 -2.476472905195588586e-05 1.373859966853451040e-19
1.193135920265035788e+00 -3.038809620478834628e+00 1.037352528122587714e+00 8.262588768626247249e-03 3.230111498789010882e-03 5.097683989284183641e-04 1.779164486334312237e-20
2.142976582184303314e-01 -2.209562940264945485e+00 -3.012702455829777137e-01 1.228814045546181011e-02 1.180480982054249580e-03 1.963050194053084674e-07 5.600985208027261423e-20
3.167384303379015886e+00 -2.402358200105016106e+00 -1.694243587643342874e-01 4.550773254010152466e-03 5.412778845147515373e-03 1.338896522050289943e-03 1.302312903533712417e-19
-1.759450510199814355e+00 3.294817044842424991e+00 2.440207023300055428e-02 -7.312612051768838800e-03 -2.758073192744471200e-03 -5.485421147433725529e-05 7.598570409495536899e-20
2.660186895023222142e+00 -2.045113742306497173e-01 -4.530668717678636853e-02 2.135983911509064994e-03 8.799804825845313622e-03 -1.788559577133693108e-04 1.167165648048850699e-19
1.543939326970663606e+00 1.943195504180073030e+00 -1.744089457056778869e-01 -8.594180714438241081e-03 6.803261311228389965e-03 -5.938203974937467967e-04 7.709553511154172972e-20
2.401230461800914373e+00 -5.654539969502507812e-01 5.120161838112557984e-01 3.826366688881233189e-03 1.046559798102604175e-02 8.106780920646950665e-05 7.914119205247269424e-20
2.519935286122324536e-01 -2.351350017950415427e+00 -2.367519462195504520e-01 1.099756356781908875e-02 2.591677284872187167e-04 1.068819331065058980e-03 8.109444659499674295e-20
-1.633386693397950840e+00 -2.018612605526301174e+00 -6.234188998058098896e-01 6.920605498871414477e-03 -6.894715016884309967e-03 -9.387151044264075306e-04 6.254508882396766479e-20
1.396495230770480767e+00 -2.243355465825015216e+00 -5.546815166838368200e-02 1.000915156605599633e-02 4.563321435530522628e-03 7.927343557687753506e-04 1.348865365756558749e-19
-1.924684275585275772e+00 -5.744870526071780281e-01 -1.580639032276213995e-01 -1.653810032830229770e-04 -1.231148566209084270e-02 3.528072895797846427e-04 9.834126800154692934e-20
2.476591126944401644e+00 -1.209696522866118285e+00 1.340841827400032493e-01 6.299947819206528320e-03 7.731930813740840042e-03 -6.696034308807711187e-04 1.119220394124278181e-19
2.014595725425032846e+00 -1.463428910417728712e+00 -5.076210951942610183e-01 6.814048328490444548e-03 6.693296558953046663e-03 1.110887053101402471e-03 2.080752524540773245e-20
-2.574557347264011753e+00 1.502106511890022755e+00 -9.344664769198911536e-01 -5.003469194940560194e-03 -7.827532698347986970e-03 -5.270873512619521188e-04 2.651961514602167037e-20
-2.512424872423089983e+00 1.349287535838808560e+00 3.004680534658304980e-01 -6.628822992572151566e-03 -7.557381201957178579e-03 2.234606264144819499e-04 6.521605361151570115e-20
7.722077464127808932e-01 -2.618734573384370545e+00 -9.114357855184102020e-02 1.095187383026024336e-02 1.861251960217365220e-03 1.348427421240185661e-03 4.018470627546646743e-20
-1.116020254340841067e+00 -2.603612348284309430e+00 2.520659994272268500e-01 9.083436721468746144e-03 -4.061966415209651571e-03 -1.505920190424813289e-03 5.162996370838023914e-20
4.943868948329676605e-01 2.451698237889859300e+00 2.579239530809554481e-01 -1.094304066364662487e-02 2.125174003276499805e-03 1.245170544596225191e-03 1.394111203657791625e-19
-4.779028722105895799e-01 2.717692773632373271e+00 1.093441046590132859e-01 -9.559736993135534849e-03 1.526089188695570892e-04 -8.951518671869153300e-05 1.435606543034279711e-20
-7.005363452514189182e-02 -2.563363799274778199e+00 -2.050966333379367762e-02 1.122728827937184183e-02 -5.470191721493903800e-04 1.521338472639119799e-03 4.648341372228748970e-20
-3.129492484045131917e+00 9.280389697817177375e-01 -6.291611035418614994e-01 -4.132891858401046073e-03 -7.810178376380105120e-03 -1.833265643871423130e-04 1.062082589562613686e-19
2.358815110645567703e+00 -1.200595452951047415e+00 -6.474143598489258411e-02 5.518443741570358552e-03 9.131491146949671442e-03 -7.702629395197040790e-04 1.348927099555371844e-20
-1.281501295870921819e-01 2.534080770465216403e+00 -1.434721540186641997e-01 -9.902154077957196071e-03 -1.590099490188269515e-04 2.125032126229323170e-04 3.447550552319626588e-21
-3.100372323738424640e+00 -3.637248933128147677e-01 -4.159685598275826568e-02 7.186864802339529290e-04 -9.502955103126140002e-03 -5.197375751302245198e-04 2.885214936462123640e-20
-2.716182656047330113e+00 1.404732556616750339e+00 2.084460819287510536e-02 -4.674547995130107041e-03 -8.429596608837098062e-03 2.104894235272738632e-04 1.230094369449332975e-19
-1.921862537256094017e+00 2.390034640529526300e+00 -5.038281276511726199e-03 -7.711981134515833933e-03 -5.868055293032291633e-03 -1.212667109580972994e-04 3.994232732395897010e-20
-1.228821937621281002e+00 2.068039527161076752e+00 -5.847184024195816177e-01 -8.899346501372928236e-03 -5.891021172536516082e-03 -2.190201195040237560e-03 4.076886528131299441e-20
9.252707626315793688e-01 2.746192310202676179e+00 3.670511583231246544e-02 -9.531993452358847319e-03 3.265539106414445426e-03 3.797536147601943374e-04 1.103988842743312244e-19
2.179798650803366655e+00 -3.320777939771436538e-01 -2.294181413268799319e-01 3.985448675715736779e-03 1.006194224203431874e-02 -3.057134031626596721e-03 1.455532564600114389e-19
-1.596118310006973573e+00 -2.117928057285021648e+00 -4.602381388481955882e-01 7.678115734560481132e-03 -6.070004300507244460e-03 2.765063225486488535e-04 5.709976617463705404e-20
-2.414864925374439475e-02 -3.309603793276624906e+00 2.764532639579897477e-01 9.337054759528260611e-03 -4.415695227870330107e-04 -1.722264867056144374e-05 4.333756022871299598e-20
1.630292713800926441e+00 -2.345375692971855663e+00 -3.974975060522538128e-01 6.793970203811259406e-03 4.871676307303259360e-03 -2.381468625612135313e-03 1.272303470877542216e-19
2.767649803689510968e+00 8.356514590990059554e-01 1.369345299435316063e-03 -2.080528492960196426e-03 8.791162577859584770e-03 1.059865009867965282e-03 3.574316641023725455e-20
1.373360758242101909e+00 -1.889324032688522115e+00 -2.411372737875110139e-02 1.113338615868787740e-02 6.219666268251390281e-03 -4.608620441441098965e-04 1.366912652646524799e-19
-2.042168287773796109e+00 6.840705297688174369e-01 -2.433916501041062386e-01 -5.144361373524772817e-03 -1.117221642922139324e-02 2.614649116255989350e-03 3.294243296644159640e-20
-9.686143092384069675e-01 -2.491851693054916606e+00 8.035849503173982944e-01 9.376436072224906756e-03 -4.006997533924954585e-03 -6.772307748266297427e-04 3.104204297021504708e-20
-2.210659979910125195e+00 -1.448230395044901808e+00 3.614029406083794221e-02 4.343837492461175703e-03 -1.013446252943437167e-02 5.319195799638118394e-04 5.513954218868671519e-20
-7.783661143049024345e-01 -1.503156767020035423e+00 -3.132379812641282735e-01 1.224117159367933520e-02 -7.680606179574574373e-03 -7.732127341364495579e-04 5.219115095459164866e-20
-4.969478634556077634e-01 2.485669172246002923e+00 -1.089736052367460718e-02 -1.023768797208204906e-02 -1.882283360860589894e-03 6.142873857574469637e-04 8.167819173871301051e-20
-1.915114536709718318e-01 -2.846063066406998576e+00 -5.924353666219236425e-01 9.607945542365298186e-03 -1.141161000375021974e-03 1.092879648756623885e-03 1.171788075434038342e-20
-6.131208635353420089e-01 -2.446349024500464875e+00 -1.923915871234292002e-02 9.966617003968652327e-03 -2.845080725118497196e-03 -1.140779079464896437e-03 9.724345762388642633e-20
-3.781166700541677361e+00 -7.135348873612514797e-01 4.340599789232793548e-02 1.950185785235666533e-04 -7.400261980587239871e-03 9.359806079324732900e-05 1.237680206204742807e-19
2.824916146890624979e+00 1.105160135516620290e+00 -6.119624347168364092e-02 -2.213654753920631449e-03 7.518482502948226412e-03 -2.506643727097456701e-03 8.059343247851459192e-20
3.922721975801004013e-01 -1.882570036951741743e+00 -8.572669767252567852e-02 1.312355269351202745e-02 -1.074610728619943174e-03 -1.310185284415238058e-03 6.212516316528599544e-20
-2.962336213052578146e-02 2.350048686869929071e+00 2.995738861721397028e-01 -1.099539836977156231e-02 9.458234597577692233e-04 1.562984089325089110e-03 9.633653185188034729e-20
-3.370024315181018304e-01 -2.900669151876520413e+00 -4.024541553591075571e-01 8.820103947697225527e-03 -4.197205043372563213e-03 2.390076135323515507e-03 7.232074240744451169e-20
1.970678385455946868e+00 -1.669198512932153822e+00 -7.517769714026278915e-02 6.776406965164345590e-03 7.972359042016940317e-03 4.704837517404668063e-04 1.149248282596256078e-19
3.801895387096976719e+00 3.178030989984917953e-01 9.680113180409762388e-03 7.783601927820313002e-05 7.786881651096629574e-03 1.133215347559736550e-04 1.240856909643566991e-21
-2.056351951566838032e+00 2.074382524593499255e+00 8.103139100107246973e-02 -7.203534767545134374e-03 -7.088642234955911531e-03 8.813672370102149816e-05 2.296306268602898001e-20
-1.897205221966453248e+00 2.398420235808830459e+00 4.468025238403863231e-01 -8.000383208882206471e-03 -5.456117206410700075e-03 -1.386958702096590485e-03 7.539372783979790487e-20
-6.644412952555320828e-01 -2.623175333822921562e+00 -6.289515890562886735e-01 9.449106370567689900e-03 -3.624829453427573685e-03 1.836644941268578395e-03 1.113165602569184235e-19
2.774545922803966391e+00 -1.586668960669079143e+00 5.822168979918791731e-02 5.283119820255686473e-03 7.992355057033564969e-03 -6.523550646196701810e-06 2.050013727656655084e-21
-2.599096332507456086e+00 -1.766472257482391450e+00 1.334202905677409345e-01 4.844632795006169161e-03 -8.334903712616964847e-03 8.689155237362910145e-05 9.761214750510699260e-20
-3.166902933132699882e+00 1.634043872695346344e+00 9.901802501290674074e-02 -4.045714656936577787e-03 -7.484814315763530131e-03 1.492552541426195832e-03 1.194531063415759617e-20
2.379130642560940423e+00 -1.281375989078386457e+00 4.216151232731167875e-01 5.966106492257977102e-03 8.249514553261182853e-03 2.258996398434869827e-03 1.165420875981436801e-19
-1.253958935414977605e+00 3.143238400286211043e+00 7.253201686306201545e-02 -8.397923625005649512e-03 -2.218100131565598019e-03 -1.845761606755932840e-03 7.695239910471741192e-20
-1.940003167581921817e+00 2.152954641069015906e+00 1.006994881536763149e-02 -9.331958394335922863e-03 -4.731284346866876031e-03 1.389634744781919836e-04 4.061697291882558435e-20
-1.624236910880049456e-01 3.130327362953770010e+00 -4.388027180312005227e-01 -9.245062345948348165e-03 2.384508787880101031e-04 2.452290868505655613e-03 5.203887143887251171e-21
2.171139018928216036e+00 -2.241503888336498385e+00 -1.923402496111468671e-02 8.209295598789526777e-03 5.442069866469367509e-03 1.138931108790464412e-03 4.488343005995150389e-20
